[[[0.0 0.0 0.0 ... 0.0 0.0 0.0]
  [0.5256438255310059 0.5586147904396057 0.4765045642852783 ...
   0.3033742904663086 0.9151097536087036 None]]

 [[0.0676727294921875 0.0676727294921875 0.0676727294921875 ...
   0.0676727294921875 0.0676727294921875 0.0676727294921875]
  [0.525043785572052 0.5590439438819885 0.4767630100250244 ...
   0.3004473149776459 0.9208012223243713 None]]

 [[0.16178297996520996 0.16178297996520996 0.16178297996520996 ...
   0.16178297996520996 0.16178297996520996 0.16178297996520996]
  [0.52337247133255 0.5600855946540833 0.47690215706825256 ...
   0.30228710174560547 0.9153648614883423 None]]

 ...

 [[26.93527364730835 26.93527364730835 26.93527364730835 ...
   26.93527364730835 26.93527364730835 26.93527364730835]
  [0.48103922605514526 0.5328947305679321 0.43680867552757263 ...
   0.31089481711387634 None None]]

 [[26.993603944778442 26.993603944778442 26.993603944778442 ...
   26.993603944778442 26.993603944778442 26.993603944778442]
  [0.4810585677623749 0.5331791043281555 0.43701401352882385 ...
   0.3084314167499542 None None]]

 [[27.031343936920166 27.031343936920166 27.031343936920166 ...
   27.031343936920166 27.031343936920166 27.031343936920166]
  [0.4813407063484192 0.5337583422660828 0.4368848502635956 ...
   0.31099292635917664 None None]]]
[[[0.0 0.0 0.0 ... 0.0 0.0 0.0]
  [0.510313868522644 0.5629287362098694 0.45748355984687805 ...
   0.3190770745277405 None None]]

 [[0.06431365013122559 0.06431365013122559 0.06431365013122559 ...
   0.06431365013122559 0.06431365013122559 0.06431365013122559]
  [0.5098136067390442 0.5626171231269836 0.45687445998191833 ...
   0.3179180920124054 None None]]

 [[0.1699674129486084 0.1699674129486084 0.1699674129486084 ...
   0.1699674129486084 0.1699674129486084 0.1699674129486084]
  [0.5094006061553955 0.5625191330909729 0.4569530189037323 ...
   0.3190855383872986 None None]]

 ...

 [[26.94376492500305 26.94376492500305 26.94376492500305 ...
   26.94376492500305 26.94376492500305 26.94376492500305]
  [0.5099424719810486 0.5618568658828735 0.45754221081733704 ...
   0.31315237283706665 None None]]

 [[27.002192735671997 27.002192735671997 27.002192735671997 ...
   27.002192735671997 27.002192735671997 27.002192735671997]
  [0.5096505880355835 0.5619415640830994 0.4572203755378723 ...
   0.3136020302772522 None None]]

 [[27.075456619262695 27.075456619262695 27.075456619262695 ...
   27.075456619262695 27.075456619262695 27.075456619262695]
  [0.5095159411430359 0.5620664358139038 0.45756182074546814 ...
   0.3152644634246826 None None]]]
[[[0.0 0.0 0.0 ... 0.0 0.0 0.0]
  [0.5095873475074768 0.5620141625404358 0.4575992524623871 ...
   0.3152720332145691 None None]]

 [[0.10694169998168945 0.10694169998168945 0.10694169998168945 ...
   0.10694169998168945 0.10694169998168945 0.10694169998168945]
  [0.5094956159591675 0.5621334314346313 0.4577395021915436 ...
   0.31476885080337524 None None]]

 [[0.20139265060424805 0.20139265060424805 0.20139265060424805 ...
   0.20139265060424805 0.20139265060424805 0.20139265060424805]
  [0.509283185005188 0.5621268153190613 0.45698270201683044 ...
   0.3160540759563446 None None]]

 ...

 [[22.986084461212158 22.986084461212158 22.986084461212158 ...
   22.986084461212158 22.986084461212158 22.986084461212158]
  [0.5102893710136414 0.5623165369033813 0.4573717415332794 ...
   0.31728142499923706 None None]]

 [[23.042072296142578 23.042072296142578 23.042072296142578 ...
   23.042072296142578 23.042072296142578 23.042072296142578]
  [0.5099816918373108 0.5619025826454163 0.45726412534713745 ...
   0.31780990958213806 None None]]

 [[23.09901738166809 23.09901738166809 23.09901738166809 ...
   23.09901738166809 23.09901738166809 23.09901738166809]
  [0.5102777481079102 0.5626237988471985 0.45708411931991577 ...
   0.3164309859275818 None None]]]
[[[0.0 0.0 0.0 ... 0.0 0.0 0.0]
  [0.47276145219802856 0.5233262777328491 0.4307417571544647 ...
   0.3034212589263916 None None]]

 [[0.07383942604064941 0.07383942604064941 0.07383942604064941 ...
   0.07383942604064941 0.07383942604064941 0.07383942604064941]
  [0.47242411971092224 0.5230899453163147 0.43037715554237366 ...
   0.3030533194541931 None None]]

 [[0.17708039283752441 0.17708039283752441 0.17708039283752441 ...
   0.17708039283752441 0.17708039283752441 0.17708039283752441]
  [0.4721701741218567 0.5230369567871094 0.43032312393188477 ...
   0.30309754610061646 None None]]

 ...

 [[24.760685205459595 24.760685205459595 24.760685205459595 ...
   24.760685205459595 24.760685205459595 24.760685205459595]
  [0.477207213640213 0.5283617377281189 0.4358663558959961 ...
   0.2994813323020935 None None]]

 [[24.807103157043457 24.807103157043457 24.807103157043457 ...
   24.807103157043457 24.807103157043457 24.807103157043457]
  [0.47728556394577026 0.5280524492263794 0.43568411469459534 ...
   0.29945388436317444 None None]]

 [[24.848631620407104 24.848631620407104 24.848631620407104 ...
   24.848631620407104 24.848631620407104 24.848631620407104]
  [0.47719433903694153 0.5278617739677429 0.43548136949539185 ...
   0.30040693283081055 None None]]]
[[[0.0 0.0 0.0 ... 0.0 0.0 0.0]
  [0.505513608455658 0.5507617592811584 0.4580567181110382 ...
   0.3286280333995819 None None]]

 [[0.04202914237976074 0.04202914237976074 0.04202914237976074 ...
   0.04202914237976074 0.04202914237976074 0.04202914237976074]
  [0.5048006772994995 0.5503178238868713 0.457606703042984 ...
   0.32897672057151794 None None]]

 [[0.09185314178466797 0.09185314178466797 0.09185314178466797 ...
   0.09185314178466797 0.09185314178466797 0.09185314178466797]
  [0.504745602607727 0.5503812432289124 0.45840469002723694 ...
   0.3282717764377594 None None]]

 ...

 [[22.375736713409424 22.375736713409424 22.375736713409424 ...
   22.375736713409424 22.375736713409424 22.375736713409424]
  [0.4961695373058319 0.5441485047340393 0.4484729766845703 ...
   0.3229927122592926 None None]]

 [[22.416189193725586 22.416189193725586 22.416189193725586 ...
   22.416189193725586 22.416189193725586 22.416189193725586]
  [0.4957427978515625 0.5441122651100159 0.448414146900177 ...
   0.3248459994792938 None None]]

 [[22.463858127593994 22.463858127593994 22.463858127593994 ...
   22.463858127593994 22.463858127593994 22.463858127593994]
  [0.49529704451560974 0.5441944599151611 0.4483594298362732 ...
   0.32546666264533997 None None]]]
[[[0.0 0.0 0.0 ... 0.0 0.0 0.0]
  [0.3674628436565399 0.3863927721977234 0.36172154545783997 ...
   0.44713589549064636 None None]]

 [[0.0505521297454834 0.0505521297454834 0.0505521297454834 ...
   0.0505521297454834 0.0505521297454834 0.0505521297454834]
  [0.3669973909854889 0.38568976521492004 0.3620353639125824 ...
   0.44740480184555054 None None]]

 [[0.13660073280334473 0.13660073280334473 0.13660073280334473 ...
   0.13660073280334473 0.13660073280334473 0.13660073280334473]
  [0.36689046025276184 0.38483279943466187 0.3619244694709778 ...
   0.44760969281196594 None None]]

 ...

 [[29.164599180221558 29.164599180221558 29.164599180221558 ...
   29.164599180221558 29.164599180221558 29.164599180221558]
  [0.37066420912742615 0.3982692062854767 0.3677382469177246 ...
   0.440792053937912 None None]]

 [[29.22651720046997 29.22651720046997 29.22651720046997 ...
   29.22651720046997 29.22651720046997 29.22651720046997]
  [0.37113305926322937 0.3988235294818878 0.3679823875427246 ...
   0.44124531745910645 None None]]

 [[29.326667308807373 29.326667308807373 29.326667308807373 ...
   29.326667308807373 29.326667308807373 29.326667308807373]
  [0.37105920910835266 0.3993265628814697 0.36782288551330566 ...
   0.4393790662288666 None None]]]
[[[0.0 0.0 0.0 ... 0.0 0.0 0.0]
  [0.4142288267612457 0.47238796949386597 0.360702782869339 ...
   0.22745075821876526 None None]]

 [[0.04993009567260742 0.04993009567260742 0.04993009567260742 ...
   0.04993009567260742 0.04993009567260742 0.04993009567260742]
  [0.41608214378356934 0.4731333553791046 0.3608025908470154 ...
   0.2271132916212082 None None]]

 [[0.09008312225341797 0.09008312225341797 0.09008312225341797 ...
   0.09008312225341797 0.09008312225341797 0.09008312225341797]
  [0.41503825783729553 0.4733443260192871 0.3608694076538086 ...
   0.22680644690990448 None None]]

 ...

 [[25.486551761627197 25.486551761627197 25.486551761627197 ...
   25.486551761627197 25.486551761627197 25.486551761627197]
  [0.4235747456550598 0.47795751690864563 0.3690151870250702 ...
   0.22427085041999817 None None]]

 [[25.542872190475464 25.542872190475464 25.542872190475464 ...
   25.542872190475464 25.542872190475464 25.542872190475464]
  [0.423835426568985 0.47859862446784973 0.36918291449546814 ...
   0.22431154549121857 None None]]

 [[25.581260204315186 25.581260204315186 25.581260204315186 ...
   25.581260204315186 25.581260204315186 25.581260204315186]
  [0.42418915033340454 0.47895699739456177 0.3695392906665802 ...
   0.2232789844274521 None None]]]
[[[0.0 0.0 0.0 ... 0.0 0.0 0.0]
  [0.5123777985572815 0.5638769268989563 0.45678550004959106 ...
   0.3180306553840637 None None]]

 [[0.07828593254089355 0.07828593254089355 0.07828593254089355 ...
   0.07828593254089355 0.07828593254089355 0.07828593254089355]
  [0.5119007229804993 0.5638694763183594 0.45685988664627075 ...
   0.31905797123908997 None None]]

 [[0.18598270416259766 0.18598270416259766 0.18598270416259766 ...
   0.18598270416259766 0.18598270416259766 0.18598270416259766]
  [0.5120543241500854 0.5638467073440552 0.45719218254089355 ...
   0.32332634925842285 None None]]

 ...

 [[22.363067626953125 22.363067626953125 22.363067626953125 ...
   22.363067626953125 22.363067626953125 22.363067626953125]
  [0.5138515830039978 0.568875789642334 0.4636252820491791 ...
   0.31421616673469543 None None]]

 [[22.40472960472107 22.40472960472107 22.40472960472107 ...
   22.40472960472107 22.40472960472107 22.40472960472107]
  [0.513964056968689 0.5693149566650391 0.46351322531700134 ...
   0.3146650493144989 None None]]

 [[22.448402643203735 22.448402643203735 22.448402643203735 ...
   22.448402643203735 22.448402643203735 22.448402643203735]
  [0.5146201252937317 0.5693944096565247 0.4648275375366211 ...
   0.31593388319015503 None None]]]
[[[0.0 0.0 0.0 ... 0.0 0.0 0.0]
  [0.4760417938232422 0.5263670086860657 0.43413037061691284 ...
   0.3009645938873291 None None]]

 [[0.05598807334899902 0.05598807334899902 0.05598807334899902 ...
   0.05598807334899902 0.05598807334899902 0.05598807334899902]
  [0.475768119096756 0.5262629985809326 0.43418198823928833 ...
   0.3015766739845276 None None]]

 [[0.12910938262939453 0.12910938262939453 0.12910938262939453 ...
   0.12910938262939453 0.12910938262939453 0.12910938262939453]
  [0.4755111336708069 0.5262352824211121 0.43411073088645935 ...
   0.2991626262664795 None None]]

 ...

 [[26.96043372154236 26.96043372154236 26.96043372154236 ...
   26.96043372154236 26.96043372154236 26.96043372154236]
  [0.4734726548194885 0.5239078402519226 0.43067893385887146 ...
   0.30631348490715027 None None]]

 [[27.033681631088257 27.033681631088257 27.033681631088257 ...
   27.033681631088257 27.033681631088257 27.033681631088257]
  [0.4730154573917389 0.5235289931297302 0.4306563436985016 ...
   0.30732038617134094 None None]]

 [[27.11329746246338 27.11329746246338 27.11329746246338 ...
   27.11329746246338 27.11329746246338 27.11329746246338]
  [0.47286322712898254 0.5235974788665771 0.43062952160835266 ...
   0.30179551243782043 None None]]]
[[[0.0 0.0 0.0 ... 0.0 0.0 0.0]
  [0.40329399704933167 0.4463343620300293 0.3815024495124817 ...
   0.42653921246528625 None None]]

 [[0.06184577941894531 0.06184577941894531 0.06184577941894531 ...
   0.06184577941894531 0.06184577941894531 0.06184577941894531]
  [0.4034734070301056 0.44691506028175354 0.3816736340522766 ...
   0.4250604510307312 None None]]

 [[0.10673809051513672 0.10673809051513672 0.10673809051513672 ...
   0.10673809051513672 0.10673809051513672 0.10673809051513672]
  [0.40421581268310547 0.4472542703151703 0.382028728723526 ...
   0.4233767092227936 None None]]

 ...

 [[22.10613203048706 22.10613203048706 22.10613203048706 ...
   22.10613203048706 22.10613203048706 22.10613203048706]
  [0.37014371156692505 0.3895176351070404 0.36243534088134766 ...
   0.4475218951702118 None None]]

 [[22.15111756324768 22.15111756324768 22.15111756324768 ...
   22.15111756324768 22.15111756324768 22.15111756324768]
  [0.3695738613605499 0.3881700336933136 0.36201977729797363 ...
   0.45161059498786926 None None]]

 [[22.196370601654053 22.196370601654053 22.196370601654053 ...
   22.196370601654053 22.196370601654053 22.196370601654053]
  [0.3683118224143982 0.3875289857387543 0.36181098222732544 ...
   0.4475939869880676 None None]]]
[[[0.0 0.0 0.0 ... 0.0 0.0 0.0]
  [0.390287309885025 0.44536757469177246 0.33782950043678284 ...
   0.22553694248199463 None None]]

 [[0.10254836082458496 0.10254836082458496 0.10254836082458496 ...
   0.10254836082458496 0.10254836082458496 0.10254836082458496]
  [0.3905197083950043 0.44596728682518005 0.3381361961364746 ...
   0.22464486956596375 None None]]

 [[0.19929838180541992 0.19929838180541992 0.19929838180541992 ...
   0.19929838180541992 0.19929838180541992 0.19929838180541992]
  [0.39073488116264343 0.44720974564552307 0.33854538202285767 ...
   0.22429393231868744 None None]]

 ...

 [[27.96072769165039 27.96072769165039 27.96072769165039 ...
   27.96072769165039 27.96072769165039 27.96072769165039]
  [0.41916924715042114 0.47035151720046997 0.37694913148880005 ...
   0.2358510047197342 None None]]

 [[28.02645516395569 28.02645516395569 28.02645516395569 ...
   28.02645516395569 28.02645516395569 28.02645516395569]
  [0.4177500307559967 0.46894288063049316 0.37594321370124817 ...
   0.23642562329769135 None None]]

 [[28.092366933822632 28.092366933822632 28.092366933822632 ...
   28.092366933822632 28.092366933822632 28.092366933822632]
  [0.4168300926685333 0.4682367742061615 0.37353992462158203 ...
   0.23674488067626953 None None]]]
[[[0.0 0.0 0.0 ... 0.0 0.0 0.0]
  [0.4955480992794037 0.5441024899482727 0.4485720992088318 ...
   0.3243546783924103 None None]]

 [[0.06023359298706055 0.06023359298706055 0.06023359298706055 ...
   0.06023359298706055 0.06023359298706055 0.06023359298706055]
  [0.49536633491516113 0.5440922975540161 0.4483895003795624 ...
   0.3199685513973236 None None]]

 [[0.13266634941101074 0.13266634941101074 0.13266634941101074 ...
   0.13266634941101074 0.13266634941101074 0.13266634941101074]
  [0.4954637587070465 0.5441049933433533 0.44861847162246704 ...
   0.3248872756958008 None None]]

 ...

 [[21.96066927909851 21.96066927909851 21.96066927909851 ...
   21.96066927909851 21.96066927909851 21.96066927909851]
  [0.5286089777946472 0.5667017698287964 0.47804322838783264 ...
   0.3191494345664978 None None]]

 [[22.006025552749634 22.006025552749634 22.006025552749634 ...
   22.006025552749634 22.006025552749634 22.006025552749634]
  [0.5284016132354736 0.566475510597229 0.47783955931663513 ...
   0.31872421503067017 None None]]

 [[22.043885707855225 22.043885707855225 22.043885707855225 ...
   22.043885707855225 22.043885707855225 22.043885707855225]
  [0.5285093784332275 0.5666152834892273 0.4778149724006653 ...
   0.3183196187019348 None None]]]
[[[0.0 0.0 0.0 ... 0.0 0.0 0.0]
  [0.48173174262046814 0.5340333580970764 0.4376315176486969 ...
   0.3108897805213928 None None]]

 [[0.06558752059936523 0.06558752059936523 0.06558752059936523 ...
   0.06558752059936523 0.06558752059936523 0.06558752059936523]
  [0.4816937744617462 0.5341526865959167 0.4375740885734558 ...
   0.3107580840587616 None None]]

 [[0.12442779541015625 0.12442779541015625 0.12442779541015625 ...
   0.12442779541015625 0.12442779541015625 0.12442779541015625]
  [0.4817555546760559 0.5341992378234863 0.43747976422309875 ...
   0.31149622797966003 None None]]

 ...

 [[23.321712493896484 23.321712493896484 23.321712493896484 ...
   23.321712493896484 23.321712493896484 23.321712493896484]
  [0.47589030861854553 0.5272161960601807 0.43329310417175293 ...
   0.3005678057670593 None None]]

 [[23.38618493080139 23.38618493080139 23.38618493080139 ...
   23.38618493080139 23.38618493080139 23.38618493080139]
  [0.4760459363460541 0.5267468690872192 0.4338703453540802 ...
   0.3015269935131073 None None]]

 [[23.43427538871765 23.43427538871765 23.43427538871765 ...
   23.43427538871765 23.43427538871765 23.43427538871765]
  [0.4758290946483612 0.5267082452774048 0.4339437782764435 ...
   0.30093297362327576 None None]]]
[[[0.0 0.0 0.0 ... 0.0 0.0 0.0]
  [0.34928980469703674 0.36955365538597107 None ... 0.4367515742778778
   None None]]

 [[0.054708003997802734 0.054708003997802734 0.054708003997802734 ...
   0.054708003997802734 0.054708003997802734 0.054708003997802734]
  [0.348837286233902 0.36922869086265564 None ... 0.4375980794429779
   None None]]

 [[0.11595892906188965 0.11595892906188965 0.11595892906188965 ...
   0.11595892906188965 0.11595892906188965 0.11595892906188965]
  [0.3493621349334717 0.37039992213249207 None ... 0.4364769160747528
   None None]]

 ...

 [[24.046289920806885 24.046289920806885 24.046289920806885 ...
   24.046289920806885 24.046289920806885 24.046289920806885]
  [0.35750433802604675 0.38074642419815063 0.3578431308269501 ...
   0.4372175633907318 None None]]

 [[24.099653005599976 24.099653005599976 24.099653005599976 ...
   24.099653005599976 24.099653005599976 24.099653005599976]
  [0.3577897250652313 0.38070985674858093 0.3577464520931244 ...
   0.4363780617713928 None None]]

 [[24.14020538330078 24.14020538330078 24.14020538330078 ...
   24.14020538330078 24.14020538330078 24.14020538330078]
  [0.3583310544490814 0.3809587061405182 0.35774925351142883 ...
   0.4369787871837616 None None]]]
[[[0.0 0.0 0.0 ... 0.0 0.0 0.0]
  [0.5138447880744934 0.5686883926391602 0.4635626971721649 ...
   0.31540220975875854 None None]]

 [[0.05434417724609375 0.05434417724609375 0.05434417724609375 ...
   0.05434417724609375 0.05434417724609375 0.05434417724609375]
  [0.5137306451797485 0.5684902667999268 0.463105708360672 ...
   0.3165053725242615 None None]]

 [[0.19040942192077637 0.19040942192077637 0.19040942192077637 ...
   0.19040942192077637 0.19040942192077637 0.19040942192077637]
  [0.5137292146682739 0.5682896971702576 0.4624440371990204 ...
   0.31561946868896484 None None]]

 ...

 [[22.550824642181396 22.550824642181396 22.550824642181396 ...
   22.550824642181396 22.550824642181396 22.550824642181396]
  [0.5088798403739929 0.56239253282547 0.45575711131095886 ...
   0.31864961981773376 None None]]

 [[22.598891258239746 22.598891258239746 22.598891258239746 ...
   22.598891258239746 22.598891258239746 22.598891258239746]
  [0.5096839666366577 0.5624867081642151 0.45650842785835266 ...
   0.3195521831512451 None None]]

 [[22.64910101890564 22.64910101890564 22.64910101890564 ...
   22.64910101890564 22.64910101890564 22.64910101890564]
  [0.510214626789093 0.5627704858779907 0.4566693902015686 ...
   0.3219379484653473 None None]]]
[[[0.0 0.0 0.0 ... 0.0 0.0 0.0]
  [0.4236051142215729 0.478654146194458 0.3694779574871063 ...
   0.22516845166683197 None None]]

 [[0.07666254043579102 0.07666254043579102 0.07666254043579102 ...
   0.07666254043579102 0.07666254043579102 0.07666254043579102]
  [0.42285388708114624 0.4759982228279114 0.36974361538887024 ...
   0.2239898145198822 None None]]

 [[0.12540125846862793 0.12540125846862793 0.12540125846862793 ...
   0.12540125846862793 0.12540125846862793 0.12540125846862793]
  [0.42333826422691345 0.47638222575187683 0.37032198905944824 ...
   0.22446170449256897 None None]]

 ...

 [[25.380754709243774 25.380754709243774 25.380754709243774 ...
   25.380754709243774 25.380754709243774 25.380754709243774]
  [0.3891645073890686 0.445235937833786 0.3381931483745575 ...
   0.22541670501232147 None None]]

 [[25.44479990005493 25.44479990005493 25.44479990005493 ...
   25.44479990005493 25.44479990005493 25.44479990005493]
  [0.3891076147556305 0.4449674189090729 0.338310569524765 ...
   0.22622953355312347 None None]]

 [[25.49895191192627 25.49895191192627 25.49895191192627 ...
   25.49895191192627 25.49895191192627 25.49895191192627]
  [0.3903990089893341 0.4460240304470062 0.3377883732318878 ...
   0.22560511529445648 None None]]]
[[[0.0 0.0 0.0 ... 0.0 0.0 0.0]
  [0.5357702374458313 0.5781579613685608 0.490784615278244 ...
   0.3339974880218506 None None]]

 [[0.037657976150512695 0.037657976150512695 0.037657976150512695 ...
   0.037657976150512695 0.037657976150512695 0.037657976150512695]
  [0.5333271622657776 0.57707279920578 0.48833420872688293 ...
   0.3329624831676483 None None]]

 [[0.11710524559020996 0.11710524559020996 0.11710524559020996 ...
   0.11710524559020996 0.11710524559020996 0.11710524559020996]
  [0.5310867428779602 0.5752466320991516 0.48642483353614807 ...
   0.3342302441596985 None None]]

 ...

 [[21.714807748794556 21.714807748794556 21.714807748794556 ...
   21.714807748794556 21.714807748794556 21.714807748794556]
  [0.5279783606529236 0.5725978016853333 0.4811306595802307 ...
   0.3270833492279053 None None]]

 [[21.76948642730713 21.76948642730713 21.76948642730713 ...
   21.76948642730713 21.76948642730713 21.76948642730713]
  [0.5280178189277649 0.573304295539856 0.4813859164714813 ...
   0.3295533359050751 None None]]

 [[21.81737184524536 21.81737184524536 21.81737184524536 ...
   21.81737184524536 21.81737184524536 21.81737184524536]
  [0.5281040072441101 0.5736660957336426 0.48146986961364746 ...
   0.3282613158226013 None None]]]
[[[0.0 0.0 0.0 ... 0.0 0.0 0.0]
  [0.5293689370155334 0.5748653411865234 0.4829961657524109 ...
   0.32658955454826355 None None]]

 [[0.0699167251586914 0.0699167251586914 0.0699167251586914 ...
   0.0699167251586914 0.0699167251586914 0.0699167251586914]
  [0.5297209024429321 0.5752274394035339 0.4834159314632416 ...
   0.3202187716960907 None None]]

 [[0.1643998622894287 0.1643998622894287 0.1643998622894287 ...
   0.1643998622894287 0.1643998622894287 0.1643998622894287]
  [0.529961109161377 0.5750507712364197 0.48354053497314453 ...
   0.32413262128829956 None None]]

 ...

 [[21.98656415939331 21.98656415939331 21.98656415939331 ...
   21.98656415939331 21.98656415939331 21.98656415939331]
  [0.5050631165504456 0.5503648519515991 0.45816975831985474 ...
   0.32900944352149963 None None]]

 [[22.02893304824829 22.02893304824829 22.02893304824829 ...
   22.02893304824829 22.02893304824829 22.02893304824829]
  [0.5056996941566467 0.5505379438400269 0.4579945504665375 ...
   0.3292984366416931 None None]]

 [[22.074554443359375 22.074554443359375 22.074554443359375 ...
   22.074554443359375 22.074554443359375 22.074554443359375]
  [0.5051841139793396 0.550451934337616 0.45793595910072327 ...
   0.32963231205940247 None None]]]
[[[0.0 0.0 0.0 ... 0.0 0.0 0.0]
  [0.3717993199825287 0.3994360864162445 0.3681327700614929 ...
   0.4411287009716034 None None]]

 [[0.05242013931274414 0.05242013931274414 0.05242013931274414 ...
   0.05242013931274414 0.05242013931274414 0.05242013931274414]
  [0.37145838141441345 0.3994216024875641 0.3682413101196289 ...
   0.44182807207107544 None None]]

 [[0.1107945442199707 0.1107945442199707 0.1107945442199707 ...
   0.1107945442199707 0.1107945442199707 0.1107945442199707]
  [None None None ... 0.8720501661300659 None None]]

 ...

 [[22.615492343902588 22.615492343902588 22.615492343902588 ...
   22.615492343902588 22.615492343902588 22.615492343902588]
  [0.34867358207702637 0.3692660331726074 None ... 0.4370020925998688
   None None]]

 [[22.66734766960144 22.66734766960144 22.66734766960144 ...
   22.66734766960144 22.66734766960144 22.66734766960144]
  [None None None ... 0.8697437644004822 None None]]

 [[22.708571672439575 22.708571672439575 22.708571672439575 ...
   22.708571672439575 22.708571672439575 22.708571672439575]
  [0.349109947681427 0.3692348897457123 None ... 0.43830037117004395
   None None]]]
